     0/109     4.02G      2.77      1.04         0       3.8        17       416     0.776     0.877     0.845     0.823      1.73     0.254         0
     1/109     4.02G      1.87     0.216         0      2.09        14       416     0.746     0.918      0.89     0.823      1.77      0.19         0
     2/109     4.02G      1.73     0.187         0      1.92        15       416       0.7     0.939     0.904     0.802      1.47     0.177         0
     3/109     4.02G      1.69     0.176         0      1.86        16       416     0.779     0.941     0.923     0.852      1.38      0.16         0
     4/109     4.02G      1.66     0.168         0      1.82        17       416     0.766     0.942     0.922     0.845      1.45      0.16         0
     5/109     4.02G      1.63     0.163         0      1.79        14       416      0.75      0.94     0.919     0.834      1.39     0.158         0
     6/109     4.02G      1.63     0.162         0       1.8        13       416     0.781     0.938     0.913     0.852      1.41     0.157         0
     7/109     4.02G      1.65     0.164         0      1.82        10       416     0.841      0.92     0.908     0.879      1.42     0.155         0
     8/109     4.02G      1.67     0.168         0      1.83        13       416     0.733     0.938     0.911     0.823      1.45     0.159         0
     9/109     4.02G      1.65     0.164         0      1.82        16       416     0.769     0.937     0.917     0.845      1.51     0.158         0
    10/109     4.02G      1.66     0.164         0      1.82        13       416     0.743     0.939     0.911      0.83      1.43     0.158         0
    11/109     4.02G      1.68     0.169         0      1.85        17       416     0.743     0.929     0.906     0.826      1.45      0.17         0
    12/109     4.02G      1.67     0.166         0      1.84         8       416     0.776     0.941     0.921      0.85      1.43     0.163         0
    13/109     4.02G      1.67     0.169         0      1.84        14       416     0.776     0.926     0.903     0.844      1.45     0.156         0
    14/109     4.02G      1.65     0.164         0      1.81        14       416     0.786     0.929     0.904     0.851      1.38     0.159         0
    15/109     4.02G      1.64     0.163         0      1.81        14       416      0.78     0.925     0.901     0.846      1.43     0.163         0
    16/109     4.26G      1.65     0.164         0      1.82        17       416     0.681     0.935     0.905     0.788      1.38     0.163         0
    17/109     4.26G      1.66     0.164         0      1.82        14       416     0.703     0.934     0.908     0.803      1.47     0.162         0
    18/109     4.26G      1.63     0.163         0      1.79        17       416     0.777     0.925     0.906     0.845      1.39     0.157         0
    19/109     4.26G      1.63     0.162         0      1.79        14       416     0.665     0.932     0.898     0.776       1.5     0.175         0
    20/109     4.26G      1.59      0.16         0      1.75        17       416     0.793     0.923     0.903     0.853      1.42     0.158         0
    21/109     4.26G      1.59     0.155         0      1.74        14       416     0.758     0.936     0.912     0.838      1.46     0.152         0
    22/109     4.26G      1.65     0.167         0      1.81        15       416      0.67     0.934     0.905      0.78      1.46     0.157         0
    23/109     4.26G      1.61     0.163         0      1.77        17       416     0.803     0.922     0.903     0.858      1.43     0.155         0
    24/109     4.26G      1.57     0.153         0      1.72        14       416     0.698     0.947     0.919     0.804      1.34     0.152         0
    25/109     4.26G       1.6     0.159         0      1.76        15       416     0.675     0.944     0.915     0.787      1.39     0.158         0
    26/109     4.26G      1.64     0.162         0       1.8        16       416     0.697     0.944     0.914     0.802      1.47     0.159         0
    27/109     4.26G      1.64     0.165         0      1.81        17       416     0.815     0.864     0.848     0.839      1.51     0.183         0
    28/109     4.26G      1.61     0.163         0      1.77        17       416     0.822     0.928     0.907     0.872      1.35     0.146         0
    29/109     4.26G      1.58     0.154         0      1.73        14       416     0.738     0.949     0.919      0.83      1.38     0.154         0
    30/109     4.26G      1.58     0.156         0      1.73        17       416     0.735     0.929     0.898     0.821      1.39     0.161         0
    31/109     4.26G      1.55     0.151         0       1.7        14       416     0.769     0.944     0.924     0.848      1.38     0.146         0
    32/109     4.26G      1.62     0.164         0      1.78        15       416     0.686     0.938     0.908     0.792      1.36     0.154         0
    33/109     4.26G      1.56     0.156         0      1.72        17       416     0.772     0.932     0.911     0.845      1.39      0.15         0
    34/109     4.26G      1.53      0.15         0      1.68        17       416     0.767      0.93      0.91      0.84      1.39      0.15         0
    35/109     4.26G      1.57     0.153         0      1.73        14       416      0.74     0.934     0.908     0.826      1.55     0.156         0
    36/109     4.26G      1.53     0.152         0      1.68        17       416     0.699     0.948     0.914     0.804      1.36     0.152         0
    37/109     4.26G      1.51     0.149         0      1.66        17       416     0.816     0.942     0.925     0.874      1.39     0.143         0
    38/109     4.26G      1.51     0.152         0      1.66        17       416     0.704     0.935     0.901     0.803      1.34     0.157         0
    39/109     4.26G      1.57     0.154         0      1.73        14       416      0.76     0.934      0.91     0.838      1.38      0.15         0
    40/109     4.26G      1.59     0.158         0      1.74        15       416     0.709     0.936     0.908     0.807      1.39     0.152         0
    41/109     4.26G      1.54     0.152         0       1.7        17       416     0.796     0.941     0.927     0.863       1.3     0.145         0
    42/109     4.26G      1.56     0.152         0      1.71        14       416     0.691     0.945     0.914     0.798      1.51     0.154         0
    43/109     4.26G      1.57     0.155         0      1.72        15       416     0.719     0.944     0.918     0.817      1.36     0.149         0
    44/109     4.26G      1.55     0.153         0       1.7        17       416     0.799     0.944     0.923     0.866      1.43     0.143         0
    45/109     4.26G      1.53     0.148         0      1.68        14       416     0.788     0.941      0.92     0.858      1.39     0.144         0
    46/109     4.26G      1.54     0.156         0       1.7        17       416     0.791     0.937     0.914     0.858      1.35     0.145         0
    47/109     4.26G      1.52     0.146         0      1.66        14       416     0.767     0.946     0.924     0.847      1.39     0.142         0
    48/109     4.26G      1.56     0.159         0      1.72        17       416      0.75     0.917     0.888     0.825      1.39     0.163         0
    49/109     4.26G      1.51     0.152         0      1.66        17       416      0.78     0.939      0.92     0.852      1.33     0.149         0
    50/109     4.26G      1.47     0.145         0      1.62        17       416     0.726     0.938     0.911     0.819      1.41     0.147         0
    51/109     4.26G      1.54      0.15         0      1.69        14       416     0.772     0.943     0.923     0.849      1.37     0.151         0
    52/109     4.26G      1.58     0.158         0      1.74        15       416     0.675     0.933     0.902     0.783      1.39     0.164         0
    53/109     4.26G      1.61      0.16         0      1.77        16       416     0.651     0.851     0.821     0.737      1.63     0.222         0
    54/109     4.26G      1.56     0.157         0      1.72        17       416     0.785     0.942     0.924     0.856      1.32      0.14         0
    55/109     4.26G      1.53     0.146         0      1.68        14       416     0.718     0.952     0.928     0.818      1.39     0.144         0
    56/109     4.26G      1.55     0.154         0       1.7        15       416     0.727     0.947     0.917     0.823      1.33      0.15         0
    57/109     4.26G      1.58     0.159         0      1.74        17       416     0.752      0.94     0.918     0.836      1.34     0.149         0
    58/109     4.26G      1.53     0.147         0      1.67        14       416      0.78     0.946     0.924     0.855      1.39     0.142         0
    59/109     4.26G      1.51      0.15         0      1.66        17       416     0.803     0.937     0.913     0.864      1.28     0.142         0
    60/109     4.26G      1.47     0.143         0      1.61        17       416     0.792     0.944     0.923     0.861      1.34     0.142         0
    61/109     4.26G      1.55     0.152         0       1.7        14       416     0.796     0.934     0.915      0.86      1.34     0.148         0
    62/109     4.26G      1.49     0.148         0      1.64        17       416     0.767     0.942     0.923     0.845      1.27      0.14         0
    63/109     4.26G       1.5     0.144         0      1.64        14       416     0.769     0.948     0.922     0.849      1.37     0.142         0
    64/109     4.26G       1.5      0.15         0      1.65        17       416     0.801     0.938     0.916     0.864      1.35      0.14         0
    65/109     4.26G      1.46     0.143         0       1.6        17       416     0.792     0.937     0.916     0.858      1.33     0.144         0
    66/109     4.26G      1.54     0.148         0      1.68        14       416     0.749     0.943     0.926     0.835      1.38     0.145         0
    67/109     4.26G      1.51     0.151         0      1.66        17       416     0.774      0.94     0.925     0.849      1.31     0.143         0
    68/109     4.26G      1.52     0.146         0      1.66        14       416     0.713     0.946      0.92     0.813      1.39     0.145         0
    69/109     4.26G       1.6     0.162         0      1.76        15       416     0.684     0.937     0.911     0.791      1.36     0.159         0
    70/109     4.26G       1.6     0.158         0      1.75        16       416     0.666     0.944     0.915     0.781      1.35     0.161         0
    71/109     4.26G      1.52      0.15         0      1.67        17       416     0.804     0.945     0.928     0.869      1.29     0.145         0
    72/109     4.26G      1.53     0.148         0      1.67        14       416     0.761     0.939     0.913     0.841      1.41     0.151         0
    73/109     4.26G       1.5     0.149         0      1.65        17       416      0.74     0.949      0.92     0.832      1.34     0.145         0
    74/109     4.26G      1.51     0.144         0      1.65        14       416     0.742     0.952      0.93     0.834       1.4     0.144         0
    75/109     4.26G      1.57     0.156         0      1.72        15       416     0.735     0.932     0.909     0.822      1.33     0.158         0
    76/109     4.26G       1.6      0.16         0      1.76        16       416     0.656     0.941     0.918     0.773      1.41     0.161         0
    77/109     4.26G      1.62     0.162         0      1.78        17       416      0.75     0.929     0.908      0.83      1.44     0.164         0
    78/109     4.26G      1.57     0.154         0      1.73        14       416      0.76     0.949     0.922     0.844      1.32      0.15         0
    79/109     4.26G      1.55     0.149         0       1.7        13       416     0.756     0.944      0.92      0.84      1.38     0.151         0
    80/109     4.26G      1.61     0.161         0      1.77        10       416     0.837     0.924     0.909     0.878      1.34     0.147         0
    81/109     4.26G      1.57     0.156         0      1.73        13       416     0.756      0.93     0.903     0.834      1.36     0.159         0
    82/109     4.26G      1.55     0.153         0      1.71        16       416     0.769     0.932     0.912     0.842      1.38     0.161         0
    83/109     4.26G      1.56     0.156         0      1.72        17       416     0.804     0.937     0.913     0.865      1.32     0.145         0
    84/109     4.26G      1.56     0.152         0      1.71        14       416     0.771     0.937     0.913     0.846      1.41     0.151         0
    85/109     4.26G      1.59     0.159         0      1.75        15       416     0.756     0.937     0.914     0.837      1.33     0.147         0
    86/109     4.26G      1.53     0.152         0      1.68        17       416     0.743     0.931     0.906     0.826      1.32     0.149         0
    87/109     4.26G      1.52     0.146         0      1.67        14       416     0.749     0.942     0.919     0.834      1.42     0.146         0
    88/109     4.26G      1.54     0.152         0      1.69        15       416     0.766     0.938     0.916     0.843      1.41     0.145         0
    89/109     4.26G      1.22      0.13         0      1.35        16       416     0.832     0.957     0.938      0.89      1.05      0.12         0
    90/109     4.26G      1.11     0.118         0      1.23        17       416     0.842     0.959     0.938     0.897      1.04     0.116         0
    91/109     4.26G      1.03     0.113         0      1.15        17       416     0.849     0.959     0.942     0.901      1.03     0.113         0
    92/109     4.26G      1.06     0.109         0      1.17        14       416      0.85     0.962     0.948     0.902      1.01     0.109         0
    93/109     4.26G     0.977     0.107         0      1.08        17       416     0.858     0.961     0.949     0.906      1.01     0.108         0
    94/109     4.26G     0.922     0.104         0      1.03        17       416     0.845     0.964     0.948     0.901      1.01     0.108         0
    95/109     4.26G     0.878     0.101         0      0.98        17       416     0.864     0.961     0.949      0.91      1.02     0.107         0
    96/109     4.26G     0.991     0.102         0      1.09        14       416     0.857     0.963     0.949     0.907     0.997     0.104         0
    97/109     4.26G     0.849    0.0984         0     0.947        17       416     0.856     0.961     0.948     0.906     0.992     0.105         0
    98/109     4.26G     0.928     0.098         0      1.03        14       416     0.859     0.964      0.95     0.908     0.992     0.103         0
    99/109     4.26G      0.82    0.0959         0     0.916        17       416     0.855     0.961     0.949     0.905     0.994     0.103         0
   100/109     4.26G      0.73    0.0914         0     0.822        17       416     0.861     0.963     0.949     0.909     0.955     0.101         0
   101/109     4.26G     0.691    0.0898         0     0.781        17       416     0.863     0.963     0.949      0.91     0.953     0.101         0
   102/109     4.26G     0.667     0.089         0     0.756        17       416     0.864     0.963     0.949     0.911     0.953       0.1         0
   103/109     4.26G     0.809    0.0914         0     0.901        14       416     0.869     0.962      0.95     0.913     0.943    0.0994         0
   104/109     4.26G      0.65    0.0881         0     0.738        17       416     0.865     0.963     0.949     0.911     0.949    0.0997         0
   105/109     4.26G      0.78    0.0903         0     0.871        14       416     0.869     0.962      0.95     0.913      0.94     0.099         0
   106/109     4.26G     0.932    0.0979         0      1.03        15       416     0.869     0.962      0.95     0.913     0.935    0.0979         0
   107/109     4.26G     0.958       0.1         0      1.06        16       416     0.862     0.964      0.95      0.91     0.932    0.0979         0
   108/109     4.26G     0.976    0.0994         0      1.08        17       416     0.859     0.966      0.95     0.909     0.928    0.0975         0
   109/109     4.26G     0.962    0.0988         0      1.06        14       416     0.222     0.984     0.963     0.362     0.922    0.0972         0
